35
77
1
1 4 37
1 7 17
1 24 26
1 25 20
1 30 39
1 6 11
1 17 38
1 21 36
2 10 10
2 11 11
2 17 33
2 28 40
4 7 40
4 8 26
4 9 17
4 21 38
4 28 16
5 11 31
5 28 15
6 8 40
6 24 40
8 21 13
8 27 34
9 30 38
10 8 33
10 9 30
10 15 24
10 24 29
10 32 37
10 33 27
11 14 27
11 22 31
12 15 32
12 34 37
13 18 32
16 8 17
16 12 31
16 32 19
17 0 32
17 10 27
18 3 16
18 21 24
18 29 29
19 31 33
22 0 21
22 6 10
22 10 11
22 19 35
22 26 12
23 7 22
23 10 26
23 34 12
24 0 15
24 13 19
24 19 35
24 21 27
24 23 15
26 28 13
27 2 36
27 11 12
27 19 10
27 21 27
27 29 22
28 10 10
28 33 15
29 5 26
29 9 27
29 10 24
29 18 36
30 24 28
31 2 14
31 32 24
31 20 40
32 29 16
32 33 11
34 21 37
34 32 38
8
25 2 9 2
15 1 7
7 3 6 1 4
14 3 5 6 5
33 2 7 10
0 3 10 7 9
19 1 3
20 1 4
