41
127
1
0 7 13
0 10 16
0 12 35
0 13 21
0 15 22
0 20 18
1 15 36
1 38 32
2 6 40
2 9 23
2 11 35
2 21 39
3 7 16
3 8 10
3 31 30
3 36 33
3 38 17
4 19 20
4 35 22
5 13 33
5 15 17
5 18 24
5 19 38
5 29 31
5 35 24
6 8 26
6 14 14
6 24 31
6 27 35
6 28 31
7 17 20
7 20 30
7 23 15
7 38 19
7 39 36
8 9 21
8 10 35
8 31 38
9 33 34
9 35 39
11 6 22
11 8 32
11 12 33
11 16 16
11 22 13
11 34 36
12 5 26
12 6 34
12 23 26
13 0 29
13 18 12
13 28 30
13 36 24
13 40 32
14 2 24
14 5 29
14 31 27
15 17 21
15 27 36
15 37 20
15 40 16
16 24 26
16 31 17
16 33 34
18 8 14
18 28 36
19 0 34
19 5 31
19 7 21
19 8 29
19 16 39
19 20 16
19 30 33
19 32 33
19 34 30
19 38 30
20 4 22
20 21 28
20 37 38
22 0 14
22 9 30
22 10 30
22 26 20
22 33 19
22 34 10
23 2 21
23 19 13
23 20 35
23 37 21
24 3 35
24 27 30
25 4 10
26 0 18
26 4 37
26 21 16
27 7 29
27 16 28
27 23 12
27 24 11
27 34 23
29 3 28
29 18 34
29 28 22
29 39 23
31 24 33
31 28 17
31 32 21
34 4 22
34 29 37
35 32 22
36 16 16
36 21 27
36 34 26
36 38 16
36 40 14
37 9 32
37 10 12
37 18 10
37 26 29
37 34 21
38 4 16
38 5 22
38 39 18
39 8 17
39 12 12
39 32 10
40 17 40
7
21 1 2
17 1 7
32 2 4 1
28 1 7
33 1 9
30 1 4
10 2 6 7
