49
201
1
0 14 50
0 15 42
0 24 46
0 29 10
0 44 20
0 47 25
1 0 30
1 14 26
1 19 49
1 26 8
1 34 8
2 4 33
2 18 48
2 43 17
2 44 30
3 0 6
3 1 46
3 8 22
3 13 39
3 17 50
3 34 45
3 40 34
5 24 23
6 5 30
6 17 35
6 22 16
6 30 22
8 13 22
8 15 5
8 20 21
8 37 7
9 7 23
9 12 39
9 17 23
9 42 36
9 45 21
9 47 35
10 3 41
10 7 49
10 26 29
10 43 14
11 22 26
11 27 20
11 28 31
11 42 45
11 45 37
12 0 7
12 2 29
12 8 39
12 13 8
12 28 22
12 41 28
13 6 24
13 9 42
13 21 38
13 22 29
13 24 35
13 29 13
13 37 23
14 0 13
14 33 12
14 42 10
14 43 24
15 3 43
15 21 14
15 29 15
15 38 37
19 5 47
19 8 21
19 9 40
19 16 44
19 34 39
19 41 22
19 45 5
20 14 19
20 25 27
20 33 11
20 35 45
20 41 18
20 44 5
21 19 31
21 25 36
21 29 17
21 35 46
21 40 41
21 48 29
22 4 17
22 14 44
22 15 9
22 17 21
22 36 48
22 47 38
23 2 13
23 6 46
23 9 46
23 12 23
23 30 20
24 5 18
24 33 26
24 39 38
25 12 34
25 15 5
25 28 38
25 29 23
25 38 14
26 6 46
26 21 14
26 24 34
26 25 26
26 29 28
26 32 28
26 37 47
26 41 18
28 1 14
28 11 7
28 12 41
28 20 23
28 39 47
29 1 17
29 8 5
29 9 6
29 25 21
29 37 28
29 46 7
30 22 45
31 6 34
31 22 8
31 25 13
31 40 41
31 44 33
31 47 35
32 8 13
32 10 44
32 30 22
33 2 41
33 10 31
33 47 39
34 6 48
34 26 5
34 33 7
34 43 30
34 45 8
35 21 16
35 32 20
35 36 28
36 15 5
36 23 23
36 26 39
36 27 40
36 29 36
36 38 45
36 44 42
37 8 50
37 13 49
37 14 11
37 27 15
38 20 14
38 43 48
38 44 19
40 0 38
40 17 38
40 24 49
40 33 42
40 37 10
41 1 40
41 12 21
41 14 26
41 20 40
41 23 34
41 29 16
41 45 15
42 8 14
42 11 12
42 17 21
42 35 16
42 41 23
42 48 25
43 1 19
43 7 28
43 10 48
43 32 29
43 33 34
44 0 38
44 1 15
44 5 31
44 7 12
44 8 45
44 29 22
44 36 38
44 46 42
45 15 41
45 23 39
45 24 25
45 47 15
46 4 40
46 5 49
46 8 37
46 12 11
47 6 31
47 13 35
47 44 19
8
16 25
39 20
18 24
17 26
27 21
4 25
48 28
7 23
