37
111
1
0 35 16
1 9 35
1 21 33
1 28 40
2 8 5
2 13 5
2 14 9
2 24 37
2 35 29
3 4 31
3 6 39
3 10 7
3 15 29
3 20 34
3 21 41
4 7 19
4 17 36
4 29 31
7 14 6
7 20 6
7 34 9
8 5 21
8 6 41
8 25 23
8 26 13
8 31 20
8 32 29
8 33 50
8 34 13
9 3 13
9 6 48
9 13 8
9 14 41
9 19 21
9 22 22
10 19 40
10 26 10
10 33 15
12 1 6
12 19 8
12 21 18
12 26 30
12 27 21
13 35 47
14 0 18
14 8 45
14 12 31
14 16 48
14 18 20
14 19 5
14 36 46
15 14 34
15 35 47
16 9 22
16 14 14
16 21 42
16 33 22
16 36 7
17 8 27
18 0 50
18 1 36
18 8 8
18 10 41
19 10 32
19 16 14
19 25 18
19 32 48
20 7 23
20 25 28
22 6 35
22 8 26
22 17 28
22 21 41
22 33 10
23 10 41
23 11 16
23 12 10
24 1 21
24 10 13
25 5 21
25 6 31
25 12 21
25 19 5
25 21 20
25 24 14
26 1 11
26 19 14
26 33 48
26 36 18
28 3 15
28 4 31
28 6 17
28 7 37
28 14 43
28 26 31
30 4 29
30 17 32
30 32 7
31 0 20
31 2 23
32 9 24
32 10 5
32 14 48
32 23 22
33 12 39
34 14 5
34 18 41
36 17 47
36 27 46
36 28 38
36 29 25
6
5 20
27 30
29 28
21 28
11 23
6 29
