46
196
1
0 5 26
0 13 25
0 16 22
0 17 12
0 19 17
0 20 36
0 24 14
0 36 24
0 38 15
1 19 30
1 22 35
1 36 27
1 37 18
1 38 37
1 7 17
1 15 10
1 31 3
1 32 46
3 25 25
3 43 10
4 18 28
4 19 35
4 23 16
4 37 32
6 17 38
6 18 20
6 30 33
6 35 33
7 23 19
7 25 28
7 26 19
7 29 22
7 34 18
7 35 24
7 44 12
8 13 11
8 18 29
8 20 17
8 29 18
8 45 17
9 6 12
9 7 16
9 20 32
9 27 26
9 32 39
9 34 37
9 44 37
11 6 16
11 7 15
11 8 11
11 14 33
11 34 38
11 44 22
13 6 37
13 8 14
13 9 33
13 10 27
13 12 24
13 17 29
13 19 35
13 23 35
13 42 15
14 0 21
14 7 12
14 10 27
14 15 11
14 18 36
14 19 21
14 23 19
14 29 38
14 34 15
14 37 20
14 38 10
15 0 33
15 6 33
15 17 10
15 41 38
16 21 38
16 23 21
16 29 15
16 42 37
17 11 23
17 12 22
17 33 34
17 37 24
17 40 18
18 0 22
18 8 38
18 17 26
18 26 18
18 32 24
19 3 14
19 10 21
19 20 35
19 24 28
19 28 30
19 39 40
20 9 18
20 41 14
21 9 40
21 20 21
21 29 13
21 40 30
21 42 14
22 5 11
22 24 36
22 39 19
23 5 21
23 19 16
23 31 26
23 38 40
24 3 38
24 14 15
24 15 29
24 29 18
24 33 16
24 38 40
25 2 24
25 17 21
25 30 35
25 32 38
25 43 19
26 4 28
26 8 35
26 43 15
28 0 19
28 4 16
28 16 28
28 25 12
28 29 20
28 32 22
29 2 36
29 4 19
29 9 20
29 18 24
29 19 36
29 35 17
30 3 34
30 6 11
30 21 33
30 23 33
30 31 23
30 39 35
30 40 32
31 10 36
31 17 26
31 21 26
31 22 16
31 36 33
32 6 16
32 35 15
32 39 23
32 40 34
32 41 21
33 8 17
33 21 16
34 3 19
34 4 36
34 5 34
34 7 22
34 14 29
34 19 14
35 9 38
35 27 38
35 30 15
36 4 14
36 7 35
36 23 25
36 41 10
37 0 33
37 5 22
37 16 24
39 17 18
39 21 40
39 31 24
40 0 12
40 4 10
40 6 10
40 7 29
40 29 33
40 41 36
40 45 38
41 0 15
42 45 12
43 22 15
43 23 29
43 30 10
43 40 37
44 20 20
44 26 37
44 45 34
45 9 10
45 12 24
45 18 27
45 25 40
45 26 38
6
2 2 10 8
27 2 1 8
12 2 1 10
5 2 8 4
10 2 9 3
38 2 9 1
