48
165
1
0 11 25
0 15 16
0 17 18
0 20 14
0 21 36
0 23 31
0 30 36
0 35 15
0 37 11
0 38 19
0 41 21
1 6 39
1 8 37
1 2 6
1 5 21
1 15 34
1 35 35
2 10 27
2 11 30
2 19 19
2 20 26
2 32 13
2 34 30
2 40 28
3 25 26
3 30 23
3 32 20
3 35 28
5 3 32
5 14 35
5 23 25
5 28 16
5 35 35
5 43 17
5 46 39
6 25 40
6 37 22
7 2 21
7 12 27
7 26 23
7 37 14
8 2 18
8 18 12
8 31 35
8 34 20
9 23 30
9 43 23
9 44 31
10 18 13
10 36 31
10 41 37
11 17 15
11 23 35
11 33 23
11 42 22
12 0 30
12 16 10
12 30 17
12 36 40
12 45 34
14 0 10
14 21 34
14 44 35
15 17 22
15 21 30
17 14 27
17 20 10
17 44 12
17 45 15
21 15 10
21 20 34
21 29 15
21 45 11
21 46 33
22 19 36
22 20 32
22 33 18
23 5 36
23 9 30
23 11 24
23 14 15
24 5 13
24 25 25
24 28 28
24 31 21
25 12 39
25 40 23
25 47 35
27 6 30
27 8 13
27 11 29
27 12 39
27 24 13
27 41 25
28 5 37
28 6 22
28 29 26
30 13 27
30 18 16
30 20 29
30 22 22
30 23 26
30 46 34
31 8 28
31 27 30
31 36 34
31 44 27
31 46 30
32 2 12
32 16 19
32 42 11
32 43 26
33 34 18
33 38 28
34 18 24
34 20 24
34 27 36
35 4 30
35 5 34
35 24 18
35 27 22
35 28 33
35 34 23
35 41 18
36 4 29
36 25 29
37 12 30
37 15 26
37 20 36
37 45 20
38 6 16
38 8 19
38 9 10
38 20 17
39 42 27
40 24 37
41 21 21
41 44 37
42 2 38
42 4 35
42 21 21
42 32 38
42 41 17
42 44 24
43 24 18
43 31 40
44 4 39
44 10 25
44 20 26
44 30 38
44 36 27
44 37 24
45 2 10
45 23 29
46 7 39
46 12 18
46 36 27
46 40 29
47 5 27
47 8 33
47 18 23
47 21 16
47 30 35
47 36 38
47 45 29
8
4 3 7 5 8
20 1 5
29 2 7 6
19 2 2 7
16 3 6 5 4
13 3 7 8 9
26 3 2 4 10
18 3 7 10 9
