41
128
1
0 4 41
0 18 17
0 27 39
1 2 25
1 3 48
1 21 23
3 6 21
3 15 36
3 22 22
3 28 6
4 3 28
4 20 5
4 31 43
4 33 37
4 35 45
5 6 16
5 21 35
5 29 25
6 5 40
6 12 20
6 18 16
6 22 7
6 25 43
6 26 6
6 40 28
7 3 33
7 12 9
7 16 34
7 20 23
7 25 17
7 34 42
7 39 31
8 7 30
8 9 16
8 21 32
8 22 22
8 26 48
9 0 48
9 31 49
10 15 28
10 17 48
10 28 31
10 39 20
11 18 10
11 22 5
11 23 23
11 28 9
12 3 47
12 15 16
12 17 45
12 20 18
12 25 41
12 28 8
13 14 7
13 33 22
14 6 20
14 13 42
14 24 42
14 37 22
15 17 50
15 30 19
15 32 25
15 36 18
17 1 23
17 5 22
17 8 22
17 12 34
17 33 18
17 39 45
18 0 33
18 1 45
18 4 14
18 10 19
18 39 29
20 6 43
20 9 12
20 11 20
24 10 19
24 12 48
24 27 34
24 34 36
24 35 45
24 40 30
25 2 19
25 19 20
25 35 41
26 5 43
26 11 5
26 20 31
26 21 37
26 34 43
26 40 34
27 29 27
28 3 11
28 35 29
29 26 27
30 4 7
30 6 40
30 16 29
30 26 37
30 27 48
30 34 41
31 15 29
33 0 39
33 4 36
33 19 7
33 28 25
33 35 21
33 39 33
34 7 35
34 14 19
34 21 17
34 37 48
34 40 39
35 2 22
35 23 21
35 24 19
35 33 18
35 38 42
36 18 36
36 38 9
37 10 37
37 34 38
39 7 44
39 20 46
39 30 5
39 37 18
40 1 47
8
21 27
38 22
2 20
22 22
23 26
32 29
16 27
19 23
