43
145
1
0 24 46
0 25 8
0 37 28
1 19 34
1 21 36
1 24 13
1 32 43
2 3 41
2 11 19
2 14 9
2 17 31
2 30 14
2 40 20
3 0 7
3 2 20
3 6 44
3 20 11
3 41 14
4 11 31
4 18 9
4 19 10
4 23 30
4 28 9
4 33 13
4 34 13
5 4 35
5 12 23
5 18 6
5 28 32
5 29 8
6 26 47
6 29 11
6 37 40
6 39 46
7 19 8
7 25 17
7 32 44
7 39 42
8 7 18
8 23 31
8 37 9
14 9 13
14 17 33
14 40 21
15 3 44
15 11 44
15 22 33
15 30 47
15 36 41
15 37 24
15 40 13
16 9 50
16 31 36
17 13 32
17 19 49
17 22 6
17 25 39
19 9 6
19 18 14
19 23 26
19 25 15
19 38 26
20 15 14
20 23 8
20 30 9
20 31 21
20 33 40
20 42 32
21 3 34
21 11 28
21 22 41
21 28 19
21 38 42
21 39 35
23 17 25
23 20 12
23 25 25
23 35 11
25 2 46
25 14 36
25 15 40
25 32 17
25 38 7
26 21 33
27 5 42
27 22 15
27 28 40
28 5 11
28 8 37
28 15 25
28 16 26
28 31 23
28 35 46
29 17 40
29 22 47
29 35 44
29 40 30
29 41 43
30 3 10
30 4 23
30 9 49
30 13 31
32 14 14
32 26 43
32 27 16
33 16 18
33 21 22
33 35 21
34 18 10
34 23 41
34 25 43
34 38 43
35 18 21
36 3 42
36 22 20
36 32 31
36 33 49
36 38 45
37 1 29
37 2 45
37 7 12
37 19 7
37 20 36
37 26 50
37 28 10
37 40 45
39 11 16
39 12 48
39 14 25
39 19 9
39 32 48
39 33 31
39 42 36
40 1 7
40 10 30
40 23 38
40 28 15
40 38 11
41 8 7
41 31 24
42 4 26
42 17 49
42 20 36
42 32 13
42 40 47
8
24 22
9 27
38 21
12 22
31 27
22 22
11 30
13 21
