37
112
1
1 13 24
1 23 16
1 25 14
1 32 12
1 34 29
1 7 35
1 30 46
4 21 22
4 0 26
5 7 11
5 10 36
5 11 12
5 20 23
5 22 21
5 35 24
6 20 21
6 28 33
7 12 37
7 23 23
7 29 15
7 30 12
11 23 17
11 28 31
14 2 38
14 6 11
14 21 33
14 22 19
14 23 36
14 27 36
14 30 25
15 5 38
16 3 35
16 10 15
16 11 39
16 23 33
16 24 32
16 27 13
16 33 15
17 6 14
17 14 10
17 34 40
18 2 30
18 4 32
18 15 29
18 31 21
19 27 15
19 30 28
20 10 12
20 16 11
20 22 11
20 32 11
20 33 15
20 35 12
20 36 27
21 2 10
21 6 25
21 8 31
21 10 34
21 15 28
21 25 38
22 7 28
22 14 16
22 36 40
23 16 14
23 17 29
23 26 27
23 34 14
23 4 14
24 18 16
24 36 20
25 5 29
25 7 16
25 8 19
25 10 33
25 12 29
25 30 38
26 15 28
26 22 33
26 23 39
26 35 17
27 2 40
27 6 14
27 7 38
27 11 20
27 26 17
28 3 24
28 9 35
28 27 32
28 30 36
28 31 10
28 32 24
28 33 32
30 4 30
30 19 27
30 25 37
30 27 34
31 18 39
31 20 11
31 33 30
31 36 26
32 14 40
32 31 28
32 34 16
33 35 21
34 4 22
34 14 25
34 16 26
34 25 22
34 32 23
35 4 24
35 11 26
35 12 39
10
2 1 1
8 1 6
3 1 2
12 1 3
9 2 2 5
36 1 9
29 2 9 2
13 2 8 1
0 2 9 5
10 2 6 7
