31
85
1
0 1 21
0 6 23
0 15 48
1 2 10
1 10 11
1 24 5
1 27 37
2 7 29
2 9 9
2 10 31
2 12 30
2 16 9
2 19 41
2 25 25
3 8 22
3 14 29
3 29 15
5 1 11
5 4 29
5 7 17
5 16 14
5 17 27
5 21 6
5 23 5
6 4 28
6 23 9
7 18 38
7 19 30
7 23 48
7 27 29
8 1 38
8 4 22
8 6 32
8 21 50
10 8 28
10 25 16
11 7 37
11 9 48
11 10 26
11 21 8
11 26 11
11 28 34
11 29 35
12 20 25
12 23 16
13 5 28
13 7 10
13 15 7
14 16 38
14 30 46
15 0 8
15 1 47
15 20 47
16 29 22
19 0 14
19 7 29
22 2 36
22 12 38
22 30 36
23 19 18
23 20 5
24 2 38
24 10 26
24 11 19
24 13 38
24 17 44
24 18 17
24 22 15
24 23 13
26 1 48
26 3 35
26 5 37
27 6 41
27 8 9
27 15 40
28 2 26
28 5 10
28 9 7
28 10 32
28 27 30
28 29 11
29 5 21
29 15 34
29 24 50
29 28 19
6
21 28
18 29
30 22
25 26
20 28
4 30
