48
192
1
1 18 16
1 20 28
1 23 28
1 33 19
1 34 30
1 39 11
1 44 28
1 47 31
1 22 20
1 24 47
1 27 48
2 6 33
2 30 39
2 40 37
2 43 10
3 19 32
3 27 40
3 38 12
3 46 25
4 3 36
4 10 21
4 12 38
4 13 32
4 16 30
4 23 32
4 31 39
5 20 23
5 24 15
5 27 13
5 28 40
5 32 32
5 34 40
5 36 31
5 37 36
6 0 25
6 3 33
6 7 39
6 22 25
6 34 36
7 0 34
7 13 23
7 25 29
7 41 21
8 6 18
8 17 30
8 38 10
8 40 37
9 6 32
9 16 17
9 26 30
13 22 29
13 25 18
13 36 35
13 38 40
14 8 31
14 10 36
14 20 19
14 24 25
14 31 39
14 40 27
14 44 27
14 47 24
15 3 12
15 16 23
15 26 18
15 30 21
15 38 13
15 43 24
15 46 39
16 9 25
16 15 11
16 27 28
17 9 17
17 24 14
17 26 21
17 29 25
17 32 33
17 43 22
19 3 32
19 13 21
19 18 22
19 33 19
19 35 34
19 43 11
19 45 13
19 46 38
20 3 40
20 8 19
20 16 26
20 28 36
20 37 27
20 42 22
21 7 32
21 12 35
21 34 33
21 38 19
21 39 21
21 47 39
22 32 23
22 45 10
22 47 39
23 2 21
23 27 36
24 19 26
24 35 14
24 36 17
25 38 40
25 44 30
26 3 35
26 8 24
26 31 26
26 32 30
27 3 23
27 6 31
27 15 25
27 28 20
27 30 20
27 37 29
28 13 17
29 9 26
29 28 25
29 31 14
29 33 29
29 47 33
30 22 19
30 25 18
30 27 39
30 28 19
30 31 23
31 10 38
31 19 10
31 23 31
31 27 18
31 30 26
31 43 37
32 7 38
32 10 40
32 12 29
32 18 31
32 25 27
33 9 32
33 10 30
33 14 25
33 38 12
34 12 14
34 14 12
34 16 15
34 28 27
34 36 29
35 37 19
36 2 15
36 8 18
36 20 25
36 24 22
36 33 10
36 35 21
36 38 28
36 44 37
38 9 25
38 13 33
38 22 13
38 29 35
38 35 13
38 41 33
38 44 29
38 46 36
40 23 19
40 29 18
40 37 14
41 26 26
41 43 18
42 19 30
42 26 18
42 39 36
42 44 20
42 47 26
43 11 37
43 12 34
43 22 15
44 30 12
44 38 40
44 42 18
45 2 23
45 25 26
45 28 26
45 32 31
46 0 11
46 6 28
46 8 17
46 10 34
46 11 12
46 41 11
8
11 1 8
10 2 10 5
18 1 5
39 3 3 6 10
37 2 4 1
12 1 5
47 3 6 6 3
0 1 8
