48
185
1
0 18 31
0 32 38
0 35 27
0 47 18
1 30 28
1 10 22
2 7 38
2 17 45
2 19 11
2 46 48
3 19 29
3 23 50
3 26 25
3 27 30
3 35 48
4 5 32
4 20 44
4 26 44
4 27 43
4 36 36
4 41 17
5 1 40
5 32 34
5 44 25
6 5 47
6 10 34
6 16 11
6 47 36
7 25 47
7 31 40
7 39 7
8 5 15
8 16 20
8 29 29
8 35 19
8 45 43
10 5 18
10 30 22
10 42 27
10 19 35
12 2 31
12 10 46
12 13 9
12 15 34
12 24 40
12 35 18
13 2 14
13 26 42
13 27 48
13 39 34
13 44 12
14 18 37
14 23 29
14 32 29
14 46 37
15 0 9
15 3 35
15 12 24
15 23 9
15 25 5
15 36 20
15 38 20
15 39 39
16 17 45
16 19 22
16 27 46
17 24 36
18 15 7
18 26 44
18 43 35
19 4 16
19 10 50
19 12 49
19 18 5
19 35 39
19 39 10
19 22 47
20 8 5
20 41 42
20 42 14
22 3 9
22 16 16
22 28 49
22 43 14
22 47 23
23 29 10
23 32 15
24 11 32
24 38 20
24 39 18
25 3 34
25 19 23
27 1 49
27 21 41
27 41 8
28 0 42
28 13 19
28 20 10
28 34 30
28 39 25
28 41 34
28 42 11
28 9 16
30 0 27
30 26 45
30 29 11
30 33 26
31 3 7
31 4 39
31 22 7
31 23 16
31 24 20
31 32 9
32 13 49
32 17 15
32 33 15
32 45 18
32 47 28
33 7 40
33 32 6
33 46 9
34 12 6
34 16 32
34 30 27
34 38 49
35 4 43
35 6 49
35 11 27
35 45 40
36 3 34
36 4 37
36 8 42
36 10 32
36 28 33
36 32 20
36 43 5
37 15 14
38 1 40
38 6 22
38 13 21
38 23 23
38 24 11
38 29 7
38 32 19
38 42 7
38 46 39
39 10 45
39 14 22
39 24 7
39 38 23
40 12 46
40 22 25
40 27 27
40 35 14
40 41 50
40 44 13
42 12 22
42 22 15
42 23 15
42 26 45
42 35 9
42 36 19
42 43 6
43 1 19
43 31 35
43 34 26
43 41 47
43 44 47
44 1 40
44 8 11
44 14 9
44 22 34
44 26 47
44 29 34
44 33 24
44 39 33
45 4 44
45 15 6
45 16 22
45 26 8
45 41 32
46 29 11
46 41 29
47 35 43
47 42 43
6
29 27
26 26
41 23
11 22
21 28
9 26
