22
62
1
0 8 35
0 18 13
0 21 30
1 2 30
1 6 15
1 10 42
1 20 24
2 5 48
2 7 15
2 11 21
2 20 39
3 9 49
3 11 9
3 12 43
3 14 10
3 18 31
4 1 6
4 2 15
4 8 38
4 14 18
5 10 6
5 13 7
7 0 14
7 1 21
7 3 49
7 4 20
7 13 14
7 18 28
8 9 40
8 10 29
8 12 44
9 7 48
9 16 19
9 21 9
10 12 29
10 13 14
10 17 6
10 21 35
11 18 30
12 1 19
12 2 44
12 14 12
13 5 29
13 18 24
14 3 49
14 6 17
14 10 16
14 13 42
14 15 21
14 18 36
17 6 25
17 7 13
17 9 27
17 11 40
18 4 16
18 15 37
19 0 46
19 10 30
19 18 13
20 5 14
21 1 9
21 3 42
3
6 10
16 11
15 14
