25
69
1
0 10 15
0 17 24
1 8 32
1 14 11
1 15 38
1 17 26
1 21 13
2 0 20
2 5 15
2 16 20
3 2 30
3 15 22
3 22 13
3 24 16
4 6 24
4 7 31
4 17 17
4 24 28
6 2 18
6 16 34
6 24 21
7 6 12
7 11 35
8 11 18
8 12 30
8 17 19
8 23 21
9 3 25
9 15 36
9 17 24
9 18 23
10 2 17
10 19 39
10 21 11
11 2 29
11 6 32
11 7 26
11 9 10
11 19 32
13 3 33
13 6 16
13 12 29
13 16 37
15 7 28
16 0 16
16 10 22
16 18 28
16 22 24
17 8 36
17 10 30
17 11 18
17 12 40
17 18 37
18 6 36
18 7 40
20 6 22
20 16 28
20 21 25
20 22 22
21 0 23
21 6 33
21 7 15
21 18 39
21 24 34
22 0 29
22 18 36
23 6 38
23 8 15
23 24 29
4
14 2 9 2
19 1 10
5 3 7 3 3
12 2 7 5
