25
67
1
0 5 33
0 12 20
0 20 28
0 22 26
1 8 49
1 15 36
1 16 28
1 19 20
1 23 43
2 0 45
2 3 36
2 9 30
2 12 11
2 20 19
4 9 5
4 10 47
4 22 39
5 6 48
5 12 7
5 13 38
6 0 19
6 3 48
6 10 42
6 12 39
6 22 49
6 24 47
7 0 48
7 9 29
7 11 46
7 20 8
8 5 15
8 15 15
9 2 22
9 5 39
9 7 36
9 10 26
9 15 14
10 2 48
10 14 15
10 16 38
10 23 22
13 1 25
13 3 13
13 12 36
13 17 14
13 20 12
14 11 26
14 19 7
15 6 8
15 10 35
15 12 34
16 12 41
16 18 34
16 21 49
17 10 34
17 11 14
17 23 12
20 2 39
20 9 41
20 21 47
20 22 37
21 5 31
21 14 26
21 19 46
22 23 37
24 13 6
24 16 47
6
18 17
12 20
11 13
3 15
19 20
23 14
