100
716
1
0 5 733
0 7 1066
0 22 933
0 57 733
0 82 666
1 2 933
1 10 1066
1 36 733
1 42 800
1 46 666
1 73 1066
1 75 1066
1 77 733
1 89 733
1 91 1000
2 1 933
2 17 800
2 46 866
2 73 933
2 75 733
2 77 733
2 88 666
2 89 666
2 91 666
3 17 1000
3 41 733
3 70 933
3 73 666
3 83 666
3 88 733
3 91 866
4 13 800
4 23 666
4 25 933
4 45 800
4 47 733
4 68 733
4 72 866
4 74 866
4 79 666
5 0 733
5 7 866
5 22 1000
5 53 800
5 57 733
5 82 733
6 52 1000
6 55 666
6 56 666
7 0 1066
7 5 866
7 22 733
7 29 866
7 57 733
7 82 666
8 31 733
8 58 666
8 61 733
8 64 666
8 86 666
9 20 666
9 35 933
9 60 800
9 63 1000
9 76 666
9 87 733
9 95 733
10 1 1066
10 36 1000
10 42 1000
10 46 1066
10 75 866
10 77 800
10 89 666
10 99 666
11 24 666
11 32 866
12 41 800
12 63 933
12 65 866
12 67 666
12 70 866
12 80 666
12 83 800
12 95 733
13 4 800
13 21 1000
13 23 1000
13 25 933
13 45 666
13 47 933
13 48 666
13 66 1066
13 68 933
13 72 933
13 74 933
13 79 933
14 18 933
14 20 800
14 27 800
14 35 800
14 50 1066
14 60 866
15 21 866
15 23 1000
15 25 800
15 43 866
15 44 1066
15 45 666
15 47 733
15 59 1000
15 66 866
15 67 666
15 80 733
15 90 1000
15 98 933
16 37 800
16 88 1066
17 2 800
17 3 1000
17 73 666
17 83 933
17 88 933
17 91 733
18 14 933
18 27 933
18 90 733
18 98 733
19 58 1000
19 64 1000
20 9 666
20 14 800
20 60 933
20 90 733
20 95 666
21 13 1000
21 15 866
21 23 666
21 25 666
21 34 733
21 43 800
21 44 1066
21 45 800
21 47 666
21 59 666
21 66 733
21 90 866
21 98 800
22 0 933
22 5 1000
22 7 733
22 53 1000
22 57 666
22 82 866
23 4 666
23 13 1000
23 15 1000
23 21 666
23 25 866
23 43 733
23 45 1000
23 47 800
23 48 666
23 66 1066
23 72 800
23 74 666
23 79 733
24 11 666
24 26 866
24 56 866
24 78 933
25 4 933
25 13 933
25 15 800
25 21 666
25 23 866
25 43 1066
25 45 1000
25 47 800
25 48 1000
25 66 933
25 72 666
25 74 933
25 79 866
26 24 866
26 30 1000
26 61 666
26 78 666
26 86 733
27 14 800
27 18 933
28 54 733
28 62 733
28 93 1066
29 7 866
29 69 800
29 71 800
29 82 666
29 87 1066
30 26 1000
30 32 733
30 58 666
30 61 933
30 64 733
30 78 800
30 86 866
31 8 733
31 88 666
32 11 866
32 30 733
32 64 1000
32 78 866
32 86 1066
33 92 1000
33 96 933
34 21 733
34 38 733
34 40 866
34 43 800
34 44 733
34 49 666
34 59 1000
34 81 800
34 84 666
34 85 800
34 97 866
35 9 933
35 14 800
35 50 733
35 60 733
35 69 933
35 71 866
35 76 866
35 87 733
36 1 733
36 10 1000
36 42 866
36 46 866
36 75 666
36 77 733
36 89 733
36 94 800
36 99 666
37 16 800
37 62 733
37 93 866
38 34 733
38 43 866
38 44 733
38 49 1000
38 59 1000
38 67 666
38 80 666
38 81 933
38 84 1066
38 85 733
38 97 800
39 96 733
40 34 866
40 55 866
40 84 1000
40 85 1066
41 3 733
41 12 800
41 65 666
41 67 800
41 70 733
41 80 1066
41 83 1000
42 1 800
42 10 1000
42 36 866
42 46 666
42 75 1066
42 77 800
42 89 866
42 94 1000
42 99 1066
43 15 866
43 21 800
43 23 733
43 25 1066
43 34 800
43 38 866
43 44 666
43 45 1000
43 47 1066
43 59 733
43 66 1066
43 67 733
43 80 866
43 81 666
43 85 733
43 90 733
43 98 733
44 15 1066
44 21 1066
44 34 733
44 38 733
44 43 666
44 49 666
44 59 666
44 66 733
44 67 1066
44 80 666
44 81 933
44 84 1066
44 85 666
44 97 933
45 4 800
45 13 666
45 15 666
45 21 800
45 23 1000
45 25 1000
45 43 1000
45 47 666
45 48 866
45 66 866
45 72 866
45 74 933
45 79 866
46 1 666
46 2 866
46 10 1066
46 36 866
46 42 666
46 73 800
46 75 1000
46 77 866
46 89 866
46 91 733
46 99 933
47 4 733
47 13 933
47 15 733
47 21 666
47 23 800
47 25 800
47 43 1066
47 45 666
47 48 800
47 66 800
47 72 933
47 74 933
47 79 933
47 98 933
48 13 666
48 23 666
48 25 1000
48 45 866
48 47 800
48 68 1000
48 74 866
49 34 666
49 38 1000
49 44 666
49 56 933
49 81 666
49 84 733
49 85 933
49 97 866
50 14 1066
50 35 733
50 60 866
51 62 866
51 93 866
51 96 733
52 6 1000
52 55 666
53 5 800
53 22 1000
53 57 866
53 94 800
53 99 866
54 28 733
54 62 1066
54 93 933
55 6 666
55 40 866
55 52 666
56 6 666
56 24 866
56 49 933
56 84 666
56 97 1000
57 0 733
57 5 733
57 7 733
57 22 666
57 53 866
57 82 866
57 94 866
58 8 666
58 19 1000
58 30 666
58 61 666
58 64 933
58 78 1066
58 86 866
59 15 1000
59 21 666
59 34 1000
59 38 1000
59 43 733
59 44 666
59 67 800
59 80 933
59 81 666
59 84 1000
59 85 1066
59 97 800
60 9 800
60 14 866
60 20 933
60 35 733
60 50 866
60 76 800
60 95 1066
61 8 733
61 26 666
61 30 933
61 58 666
61 64 733
61 78 800
61 86 733
62 28 733
62 37 733
62 51 866
62 54 1066
62 93 733
63 9 1000
63 12 933
63 76 1000
63 87 1000
63 95 866
64 8 666
64 19 1000
64 30 733
64 32 1000
64 58 933
64 61 733
64 78 800
64 86 666
65 12 866
65 41 666
65 67 800
65 70 733
65 80 800
65 95 733
66 13 1066
66 15 866
66 21 733
66 23 1066
66 25 933
66 43 1066
66 44 733
66 45 866
66 47 800
66 74 800
66 98 1066
67 12 666
67 15 666
67 38 666
67 41 800
67 43 733
67 44 1066
67 59 800
67 65 800
67 70 1066
67 80 800
67 81 933
68 4 733
68 13 933
68 48 1000
68 72 733
68 74 733
68 79 733
69 29 800
69 35 933
69 71 666
69 87 866
70 3 933
70 12 866
70 41 733
70 65 733
70 67 1066
70 80 666
70 83 866
71 29 800
71 35 866
71 69 666
71 76 933
72 4 866
72 13 933
72 23 800
72 25 666
72 45 866
72 47 933
72 68 733
72 74 666
72 79 866
73 1 1066
73 2 933
73 3 666
73 17 666
73 46 800
73 75 1000
73 83 800
73 88 666
73 91 666
74 4 866
74 13 933
74 23 666
74 25 933
74 45 933
74 47 933
74 48 866
74 66 800
74 68 733
74 72 666
74 79 1066
75 1 1066
75 2 733
75 10 866
75 36 666
75 42 1066
75 46 1000
75 73 1000
75 77 933
75 89 800
75 99 933
76 9 666
76 35 866
76 60 800
76 63 1000
76 71 933
76 87 800
76 95 733
77 1 733
77 2 733
77 10 800
77 36 733
77 42 800
77 46 866
77 75 933
77 89 866
77 99 1000
78 24 933
78 26 666
78 30 800
78 32 866
78 58 1066
78 61 800
78 64 800
78 86 1066
79 4 666
79 13 933
79 23 733
79 25 866
79 45 866
79 47 933
79 68 733
79 72 866
79 74 1066
80 12 666
80 15 733
80 38 666
80 41 1066
80 43 866
80 44 666
80 59 933
80 65 800
80 67 800
80 70 666
80 81 866
80 90 933
81 34 800
81 38 933
81 43 666
81 44 933
81 49 666
81 59 666
81 67 933
81 80 866
81 84 733
81 85 666
81 97 1000
82 0 666
82 5 733
82 7 666
82 22 866
82 29 666
82 57 866
83 3 666
83 12 800
83 17 933
83 41 1000
83 70 866
83 73 800
83 88 733
83 91 1000
84 34 666
84 38 1066
84 40 1000
84 44 1066
84 49 733
84 56 666
84 59 1000
84 81 733
84 85 1000
84 97 1000
85 34 800
85 38 733
85 40 1066
85 43 733
85 44 666
85 49 933
85 59 1066
85 81 666
85 84 1000
85 97 800
86 8 666
86 26 733
86 30 866
86 32 1066
86 58 866
86 61 733
86 64 666
86 78 1066
87 9 733
87 29 1066
87 35 733
87 63 1000
87 69 866
87 76 800
87 95 733
88 2 666
88 3 733
88 16 1066
88 17 933
88 31 666
88 73 666
88 83 733
89 1 733
89 2 666
89 10 666
89 36 733
89 42 866
89 46 866
89 75 800
89 77 866
89 99 866
90 15 1000
90 18 733
90 20 733
90 21 866
90 43 733
90 80 933
90 98 866
91 1 1000
91 2 666
91 3 866
91 17 733
91 46 733
91 73 666
91 83 1000
92 33 1000
92 96 800
93 28 1066
93 37 866
93 51 866
93 54 933
93 62 733
94 36 800
94 42 1000
94 53 800
94 57 866
94 99 866
95 9 733
95 12 733
95 20 666
95 60 1066
95 63 866
95 65 733
95 76 733
95 87 733
96 33 933
96 39 733
96 51 733
96 92 800
97 34 866
97 38 800
97 44 933
97 49 866
97 56 1000
97 59 800
97 81 1000
97 84 1000
97 85 800
98 15 933
98 18 733
98 21 800
98 43 733
98 47 933
98 66 1066
98 90 866
99 10 666
99 36 666
99 42 1066
99 46 933
99 53 866
99 75 933
99 77 1000
99 89 866
99 94 866
20
42 100
36 100
28 100
28 100
54 100
54 100
78 100
86 100
94 100
72 100
92 100
52 100
56 100
56 100
16 100
16 100
46 100
48 100
72 100
32 100